0.164994 -0.0095119
0.494983 -0.0088056
0.824972 -0.0110955
1.15496 -0.0161048
1.48495 -0.0272528
1.81494 -0.0220988
2.14493 -0.0261563
2.47492 -0.0199334
2.8049 -0.0048244
3.13489 -0.005877
3.46488 0.0146928
3.79487 0.0190362
4.12486 0.0268669
4.45485 0.0250857
4.78484 0.0254506
5.11483 0.0185616
5.44481 0.0104051
5.7748 0.00699707
6.10479 0.00605047
6.43478 0.00329276
6.76477 0.00388968
7.09476 0.00202538
7.42475 0.00214453
7.75473 0.00231891
8.08472 0.00296743
8.41471 0.00290048
8.7447 0.00190645
9.07469 0.0014968
9.40468 0.00357761
9.73467 0.00468512
10.0647 0.00652675
10.3946 0.0110011
10.7246 0.0141236
11.0546 0.0180364
11.3846 0.0233718
11.7146 0.0257159
12.0446 0.0217332
12.3746 0.0159099
12.7046 0.0047764
13.0346 -0.0019165
13.3645 -0.0179019
13.6945 -0.0251567
14.0245 -0.0226159
14.3545 -0.0263055
14.6845 -0.0176287
15.0145 -0.0160875
15.3445 -0.0151775
15.6745 -0.0069869
16.0045 -0.0144237
16.3344 -0.0096859
