0.0305344
0.0291418
0.0326198
0.0369981
0.0474257
0.0446397
0.0527552
0.0566672
0.0504273
0.0587499
0.0414116
0.0379418
0.0217458
0.0143316
0.00763055
0.00393239
0.0046223
0.00231602
0.000923905
0.00231491
0.000926901
0.00115724
0.000693453
0.000925667
0.000694335
0.000461715
0.00115713
0.00162073
0.00161941
0.00138628
0.00138825
0.00254374
0.0053176
0.00833228
0.0115644
0.0189723
0.0291401
0.0379368
0.0474467
0.0469709
0.0532172
0.0522791
0.0469499
0.04626
0.0346977
0.0319278
0.032854
0.0263642
0.0340038
0.0307643
