0.164994 0.0210225
0.494983 0.0203362
0.824972 0.0215243
1.15496 0.0208933
1.48495 0.0201729
1.81494 0.0225409
2.14493 0.0265989
2.47492 0.0367338
2.8049 0.0456029
3.13489 0.0528729
3.46488 0.0561044
3.79487 0.056978
4.12486 0.0486127
4.45485 0.0394173
4.78484 0.0330811
5.11483 0.022494
5.44481 0.0150274
5.7748 0.00931309
6.10479 0.00697438
6.43478 0.00560767
6.76477 0.00481658
7.09476 0.00318262
7.42475 0.00283798
7.75473 0.00324458
8.08472 0.00366176
8.41471 0.0033622
8.7447 0.00306358
9.07469 0.00311753
9.40468 0.00519702
9.73467 0.0060714
10.0647 0.007915
10.3946 0.0135448
10.7246 0.0194412
11.0546 0.0263687
11.3846 0.0349362
11.7146 0.0446882
12.0446 0.0508733
12.3746 0.0538467
12.7046 0.0522231
13.0346 0.0450544
13.3645 0.0353153
13.6945 0.0271224
14.0245 0.024334
14.3545 0.0199545
14.6845 0.017069
15.0145 0.0158403
15.3445 0.0176765
15.6745 0.0193773
16.0045 0.0195801
16.3344 0.0210784
