0.164994 0.400476
0.494983 0.410089
0.824972 0.425847
1.15496 0.432717
1.48495 0.480835
1.81494 0.543345
2.14493 0.659314
2.47492 0.881718
2.8049 1.1704
3.13489 1.57815
3.46488 2.04043
3.79487 2.53955
4.12486 3.02596
4.45485 3.41333
4.78484 3.6905
5.11483 3.90945
5.44481 4.00184
5.7748 4.07124
6.10479 4.12852
6.43478 4.14766
6.76477 4.16255
7.09476 4.17073
7.42475 4.13048
7.75473 4.16401
8.08472 4.1511
8.41471 4.16519
8.7447 4.16687
9.07469 4.17571
9.40468 4.16246
9.73467 4.11145
10.0647 4.10873
10.3946 4.02438
10.7246 3.91422
11.0546 3.73175
11.3846 3.48668
11.7146 3.12964
12.0446 2.64801
12.3746 2.15276
12.7046 1.64435
13.0346 1.24299
13.3645 0.921836
13.6945 0.694998
14.0245 0.552089
14.3545 0.472686
14.6845 0.424023
15.0145 0.396885
15.3445 0.392439
15.6745 0.401485
16.0045 0.410789
16.3344 0.407699
