0.164994 27.7795
0.494983 27.794
0.824972 27.695
1.15496 27.5465
1.48495 27.2915
1.81494 26.8532
2.14493 26.02
2.47492 24.487
2.8049 22.436
3.13489 19.7107
3.46488 16.6691
3.79487 13.4729
4.12486 10.5572
4.45485 8.18688
4.78484 6.40245
5.11483 5.23247
5.44481 4.5173
5.7748 4.13703
6.10479 3.91012
6.43478 3.71707
6.76477 3.7057
7.09476 3.7485
7.42475 3.71683
7.75473 3.68308
8.08472 3.6641
8.41471 3.67402
8.7447 3.67722
9.07469 3.66213
9.40468 3.75865
9.73467 3.91907
10.0647 4.11343
10.3946 4.51395
10.7246 5.17528
11.0546 6.1988
11.3846 7.75585
11.7146 10.0138
12.0446 12.8512
12.3746 16.0596
12.7046 19.2433
13.0346 22.0621
13.3645 24.1127
13.6945 25.8418
14.0245 26.7245
14.3545 27.3665
14.6845 27.595
15.0145 27.8753
15.3445 27.8505
15.6745 27.8588
16.0045 27.7875
16.3344 27.7675
