0.164994 0.0210225 0.0305344
0.494983 0.0203362 0.0291418
0.824972 0.0215243 0.0326198
1.15496 0.0208933 0.0369981
1.48495 0.0201729 0.0474257
1.81494 0.0225409 0.0446397
2.14493 0.0265989 0.0527552
2.47492 0.0367338 0.0566672
2.8049 0.0456029 0.0504273
3.13489 0.0528729 0.0587499
3.46488 0.0561044 0.0414116
3.79487 0.056978 0.0379418
4.12486 0.0486127 0.0217458
4.45485 0.0394173 0.0143316
4.78484 0.0330811 0.00763055
5.11483 0.022494 0.00393239
5.44481 0.0150274 0.0046223
5.7748 0.00931309 0.00231602
6.10479 0.00697438 0.000923905
6.43478 0.00560767 0.00231491
6.76477 0.00481658 0.000926901
7.09476 0.00318262 0.00115724
7.42475 0.00283798 0.000693453
7.75473 0.00324458 0.000925667
8.08472 0.00366176 0.000694335
8.41471 0.0033622 0.000461715
8.7447 0.00306358 0.00115713
9.07469 0.00311753 0.00162073
9.40468 0.00519702 0.00161941
9.73467 0.0060714 0.00138628
10.0647 0.007915 0.00138825
10.3946 0.0135448 0.00254374
10.7246 0.0194412 0.0053176
11.0546 0.0263687 0.00833228
11.3846 0.0349362 0.0115644
11.7146 0.0446882 0.0189723
12.0446 0.0508733 0.0291401
12.3746 0.0538467 0.0379368
12.7046 0.0522231 0.0474467
13.0346 0.0450544 0.0469709
13.3645 0.0353153 0.0532172
13.6945 0.0271224 0.0522791
14.0245 0.024334 0.0469499
14.3545 0.0199545 0.04626
14.6845 0.017069 0.0346977
15.0145 0.0158403 0.0319278
15.3445 0.0176765 0.032854
15.6745 0.0193773 0.0263642
16.0045 0.0195801 0.0340038
16.3344 0.0210784 0.0307643
