0.0210225
0.0203362
0.0215243
0.0208933
0.0201729
0.0225409
0.0265989
0.0367338
0.0456029
0.0528729
0.0561044
0.056978
0.0486127
0.0394173
0.0330811
0.022494
0.0150274
0.00931309
0.00697438
0.00560767
0.00481658
0.00318262
0.00283798
0.00324458
0.00366176
0.0033622
0.00306358
0.00311753
0.00519702
0.0060714
0.007915
0.0135448
0.0194412
0.0263687
0.0349362
0.0446882
0.0508733
0.0538467
0.0522231
0.0450544
0.0353153
0.0271224
0.024334
0.0199545
0.017069
0.0158403
0.0176765
0.0193773
0.0195801
0.0210784
