-4 0.00010637446
-3.9171717 0.00010764198
-3.8343434 0.00010916162
-3.7515152 0.00011098344
-3.6686869 0.00011316741
-3.5858586 0.00011578535
-3.5030303 0.00011892325
-3.420202 0.00012268404
-3.3373737 0.00012719086
-3.2545455 0.00013259101
-3.1717172 0.00013906053
-3.0888889 0.00014680972
-3.0060606 0.00015608961
-2.9232323 0.00016719954
-2.840404 0.00018049612
-2.7575758 0.00019640353
-2.6747475 0.00021542562
-2.5919192 0.0002381596
-2.5090909 0.00026531176
-2.4262626 0.00029771501
-2.3434343 0.00033634817
-2.2606061 0.00038235685
-2.1777778 0.00043707502
-2.0949495 0.0005020465
-2.0121212 0.0005790445
-1.9292929 0.00067008691
-1.8464646 0.00077744372
-1.7636364 0.00090363196
-1.6808081 0.0010513919
-1.5979798 0.0012236368
-1.5151515 0.001423368
-1.4323232 0.0016535443
-1.3494949 0.0019168987
-1.2666667 0.0022156959
-1.1838384 0.0025514289
-1.1010101 0.0029244664
-1.0181818 0.0033336699
-0.93535354 0.0037760203
-0.85252525 0.0042463024
-0.76969697 0.0047369108
-0.68686869 0.0052378361
-0.6040404 0.0057368796
-0.52121212 0.0062201136
-0.43838384 0.0066725698
-0.35555556 0.0070790976
-0.27272727 0.0074253084
-0.18989899 0.0076985082
-0.10707071 0.007888532
-0.024242424 0.0079884107
0.058585859 0.0079948283
0.14141414 0.0079083449
0.22424242 0.0077333731
0.30707071 0.0074779033
0.38989899 0.0071529847
0.47272727 0.006771987
0.55555556 0.0063496967
0.63838384 0.0059013312
0.72121212 0.0054415747
0.8040404 0.004983742
0.88686869 0.0045391532
0.96969697 0.0041167666
1.0525253 0.0037230709
1.1353535 0.0033621985
1.2181818 0.0030362013
1.3010101 0.0027454194
1.3838384 0.0024888802
1.4666667 0.0022646822
1.5494949 0.002070332
1.6323232 0.0019030201
1.7151515 0.0017598322
1.7979798 0.0016379015
1.8808081 0.0015345106
1.9636364 0.0014471525
2.0464646 0.0013735622
2.1292929 0.0013117258
2.2121212 0.0012598755
2.2949495 0.0012164754
2.3777778 0.001180202
2.4606061 0.0011499223
2.5434343 0.001124672
2.6262626 0.0011036339
2.7090909 0.0010861177
2.7919192 0.0010715426
2.8747475 0.0010594208
2.9575758 0.0010493434
3.040404 0.0010409687
3.1232323 0.0010340109
3.2060606 0.0010282316
3.2888889 0.0010234323
3.3717172 0.0010194473
3.4545455 0.0010161391
3.5373737 0.0010133929
3.620202 0.0010111135
3.7030303 0.0010092217
3.7858586 0.0010076518
3.8686869 0.0010063489
3.9515152 0.0010052679
4.0343434 0.0010043708
4.1171717 0.0010036265
4.2 0.0010030089

