-3.9 0.0010721304
-3.820202 0.0010826204
-3.740404 0.0010946299
-3.6606061 0.0011083771
-3.5808081 0.0011241109
-3.5010101 0.0011421151
-3.4212121 0.0011627132
-3.3414141 0.0011862732
-3.2616162 0.0012132136
-3.1818182 0.0012440099
-3.1020202 0.0012792013
-3.0222222 0.0013193986
-2.9424242 0.0013652925
-2.8626263 0.0014176621
-2.7828283 0.0014773843
-2.7030303 0.0015454436
-2.6232323 0.0016229416
-2.5434343 0.0017111059
-2.4636364 0.0018112989
-2.3838384 0.0019250249
-2.3040404 0.002053934
-2.2242424 0.0021998235
-2.1444444 0.0023646335
-2.0646465 0.0025504357
-1.9848485 0.0027594134
-1.9050505 0.0029938292
-1.8252525 0.0032559781
-1.7454545 0.0035481227
-1.6656566 0.0038724064
-1.5858586 0.0042307427
-1.5060606 0.0046246759
-1.4262626 0.0050552148
-1.3464646 0.0055226375
-1.2666667 0.0060262724
-1.1868687 0.0065642644
-1.1070707 0.0071333373
-1.0272727 0.0077285748
-0.94747475 0.0083432427
-0.86767677 0.0089686852
-0.78787879 0.0095943276
-0.70808081 0.010207818
-0.62828283 0.010795336
-0.54848485 0.011342073
-0.46868687 0.01183289
-0.38888889 0.012253108
-0.30909091 0.012589378
-0.22929293 0.012830558
-0.14949495 0.012968493
-0.06969697 0.012998612
0.01010101 0.012920277
0.08989899 0.01273682
0.16969697 0.012455288
0.24949495 0.0120859
0.32929293 0.011641317
0.40909091 0.011135782
0.48888889 0.010584249
0.56868687 0.01000156
0.64848485 0.0094017586
0.72828283 0.0087975566
0.80808081 0.0081999813
0.88787879 0.007618191
0.96767677 0.0070594353
1.0474747 0.0065291319
1.1272727 0.006031023
1.2070707 0.0055673836
1.2868687 0.005139252
1.3666667 0.004746663
1.4464646 0.0043888687
1.5262626 0.0040645377
1.6060606 0.0037719277
1.6858586 0.0035090298
1.7656566 0.0032736854
1.8454545 0.0030636782
1.9252525 0.0028768041
2.0050505 0.0027109221
2.0848485 0.0025639897
2.1646465 0.0024340867
2.2444444 0.002319428
2.3242424 0.0022183703
2.4040404 0.0021294122
2.4838384 0.0020511912
2.5636364 0.0019824773
2.6434343 0.0019221659
2.7232323 0.0018692683
2.8030303 0.0018229029
2.8828283 0.0017822859
2.9626263 0.0017467221
3.0424242 0.0017155959
3.1222222 0.001688364
3.2020202 0.0016645468
3.2818182 0.0016437222
3.3616162 0.0016255185
3.4414141 0.0016096094
3.5212121 0.0015957084
3.6010101 0.0015835638
3.6808081 0.0015729555
3.7606061 0.0015636901
3.840404 0.0015555985
3.920202 0.0015485328
4 0.0015423634

