-3.9 0.040281115
-3.820202 0.040307166
-3.740404 0.04033591
-3.6606061 0.040367618
-3.5808081 0.04040259
-3.5010101 0.04044115
-3.4212121 0.040483654
-3.3414141 0.040530491
-3.2616162 0.040582086
-3.1818182 0.040638899
-3.1020202 0.040701433
-3.0222222 0.040770229
-2.9424242 0.040845878
-2.8626263 0.040929013
-2.7828283 0.041020318
-2.7030303 0.041120526
-2.6232323 0.041230418
-2.5434343 0.041350828
-2.4636364 0.041482639
-2.3838384 0.041626777
-2.3040404 0.041784213
-2.2242424 0.041955954
-2.1444444 0.042143034
-2.0646465 0.042346502
-1.9848485 0.042567409
-1.9050505 0.042806789
-1.8252525 0.043065634
-1.7454545 0.043344862
-1.6656566 0.043645292
-1.5858586 0.043967591
-1.5060606 0.044312234
-1.4262626 0.044679446
-1.3464646 0.045069138
-1.2666667 0.045480841
-1.1868687 0.045913627
-1.1070707 0.046366031
-1.0272727 0.046835968
-0.94747475 0.04732065
-0.86767677 0.047816508
-0.78787879 0.048319121
-0.70808081 0.048823165
-0.62828283 0.049322379
-0.54848485 0.049809554
-0.46868687 0.05027657
-0.38888889 0.050714463
-0.30909091 0.051113548
-0.22929293 0.051463582
-0.14949495 0.051753993
-0.06969697 0.051974143
0.01010101 0.052113647
0.08989899 0.05216271
0.16969697 0.052112495
0.24949495 0.051955471
0.32929293 0.051685754
0.40909091 0.051299393
0.48888889 0.050794599
0.56868687 0.05017188
0.64848485 0.0494341
0.72828283 0.048586422
0.80808081 0.047636167
0.88787879 0.046592574
0.96767677 0.045466496
1.0474747 0.044270031
1.1272727 0.04301613
1.2070707 0.041718193
1.2868687 0.040389671
1.3666667 0.039043713
1.4464646 0.037692842
1.5262626 0.036348702
1.6060606 0.035021854
1.6858586 0.033721643
1.7656566 0.032456117
1.8454545 0.031232002
1.9252525 0.030054725
2.0050505 0.028928465
2.0848485 0.027856245
2.1646465 0.026840029
2.2444444 0.025880845
2.3242424 0.024978903
2.4040404 0.024133715
2.4838384 0.023344217
2.5636364 0.022608876
2.6434343 0.021925791
2.7232323 0.021292784
2.8030303 0.020707481
2.8828283 0.020167378
2.9626263 0.0196699
3.0424242 0.019212451
3.1222222 0.018792451
3.2020202 0.018407369
3.2818182 0.018054748
3.3616162 0.017732222
3.4414141 0.017437529
3.5212121 0.017168524
3.6010101 0.016923177
3.6808081 0.016699583
3.7606061 0.016495957
3.840404 0.016310635
3.920202 0.01614207
4 0.015988828

