-3.9 0.020513341
-3.820202 0.020532841
-3.740404 0.020555024
-3.6606061 0.020580254
-3.5808081 0.020608946
-3.5010101 0.020641571
-3.4212121 0.020678661
-3.3414141 0.020720819
-3.2616162 0.020768724
-3.1818182 0.020823147
-3.1020202 0.020884955
-3.0222222 0.020955126
-2.9424242 0.021034761
-2.8626263 0.021125094
-2.7828283 0.02122751
-2.7030303 0.02134356
-2.6232323 0.021474969
-2.5434343 0.02162366
-2.4636364 0.02179176
-2.3838384 0.021981617
-2.3040404 0.022195812
-2.2242424 0.022437158
-2.1444444 0.022708707
-2.0646465 0.023013741
-1.9848485 0.023355755
-1.9050505 0.023738425
-1.8252525 0.024165558
-1.7454545 0.024641024
-1.6656566 0.025168658
-1.5858586 0.025752127
-1.5060606 0.026394765
-1.4262626 0.027099363
-1.3464646 0.027867911
-1.2666667 0.028701295
-1.1868687 0.029598949
-1.1070707 0.030558466
-1.0272727 0.031575182
-0.94747475 0.032641764
-0.86767677 0.033747819
-0.78787879 0.034879575
-0.70808081 0.036019674
-0.62828283 0.037147153
-0.54848485 0.038237637
-0.46868687 0.039263818
-0.38888889 0.040196248
-0.30909091 0.041004429
-0.22929293 0.041658197
-0.14949495 0.042129302
-0.06969697 0.042393074
0.01010101 0.042430037
0.08989899 0.042227297
0.16969697 0.041779552
0.24949495 0.041089611
0.32929293 0.040168347
0.40909091 0.039034087
0.48888889 0.037711498
0.56868687 0.036230102
0.64848485 0.034622568
0.72828283 0.032922953
0.80808081 0.03116504
0.88787879 0.029380907
0.96767677 0.027599796
1.0474747 0.02584732
1.1272727 0.024145008
1.2070707 0.02251015
1.2868687 0.020955895
1.3666667 0.019491524
1.4464646 0.018122865
1.5262626 0.016852762
1.6060606 0.015681579
1.6858586 0.014607692
1.7656566 0.01362794
1.8454545 0.012738041
1.9252525 0.011932934
2.0050505 0.011207081
2.0848485 0.010554699
2.1646465 0.009969954
2.2444444 0.0094470978
2.3242424 0.0089805771
2.4040404 0.0085651054
2.4838384 0.0081957111
2.5636364 0.0078677651
2.6434343 0.0075769923
2.7232323 0.0073194723
2.8030303 0.0070916308
2.8828283 0.0068902252
2.9626263 0.0067123264
3.0424242 0.0065552982
3.1222222 0.0064167754
3.2020202 0.0062946419
3.2818182 0.0061870085
3.3616162 0.0060921926
3.4414141 0.0060086979
3.5212121 0.0059351957
3.6010101 0.0058705082
3.6808081 0.0058135922
3.7606061 0.0057635247
3.840404 0.0057194901
3.920202 0.0056807677
4 0.0056467218

