-3.9 0.0061639421
-3.820202 0.0061876519
-3.740404 0.0062147764
-3.6606061 0.0062458027
-3.5808081 0.0062812864
-3.5010101 0.0063218602
-3.4212121 0.0063682442
-3.3414141 0.0064212573
-3.2616162 0.0064818299
-3.1818182 0.0065510174
-3.1020202 0.0066300159
-3.0222222 0.0067201783
-2.9424242 0.0068230325
-2.8626263 0.0069402997
-2.7828283 0.0070739149
-2.7030303 0.0072260466
-2.6232323 0.0073991169
-2.5434343 0.0075958206
-2.4636364 0.0078191424
-2.3838384 0.0080723696
-2.3040404 0.0083590997
-2.2242424 0.0086832393
-2.1444444 0.0090489914
-2.0646465 0.0094608267
-1.9848485 0.0099234336
-1.9050505 0.010441643
-1.8252525 0.011020316
-1.7454545 0.0116642
-1.6656566 0.012377724
-1.5858586 0.013164752
-1.5060606 0.014028268
-1.4262626 0.014970005
-1.3464646 0.015990013
-1.2666667 0.017086175
-1.1868687 0.018253696
-1.1070707 0.019484588
-1.0272727 0.020767207
-0.94747475 0.02208588
-0.86767677 0.023420707
-0.78787879 0.024747605
-0.70808081 0.026038658
-0.62828283 0.027262837
-0.54848485 0.028387112
-0.46868687 0.029377924
-0.38888889 0.03020296
-0.30909091 0.030833094
-0.22929293 0.031244309
-0.14949495 0.031419415
-0.06969697 0.031349344
0.01010101 0.031033876
0.08989899 0.030481694
0.16969697 0.029709756
0.24949495 0.028742078
0.32929293 0.027608053
0.40909091 0.026340532
0.48888889 0.024973844
0.56868687 0.023541968
0.64848485 0.022076972
0.72828283 0.020607831
0.80808081 0.019159628
0.88787879 0.017753149
0.96767677 0.016404794
1.0474747 0.015126758
1.1272727 0.013927392
1.2070707 0.012811675
1.2868687 0.011781749
1.3666667 0.010837451
1.4464646 0.0099768209
1.5262626 0.0091965582
1.6060606 0.0084924223
1.6858586 0.0078595639
1.7656566 0.0072927959
1.8454545 0.0067868057
1.9252525 0.0063363177
2.0050505 0.0059362111
2.0848485 0.0055816029
2.1646465 0.005267902
2.2444444 0.00499084
2.3242424 0.0047464857
2.4040404 0.0045312464
2.4838384 0.0043418598
2.5636364 0.0041753794
2.6434343 0.004029157
2.7232323 0.0039008213
2.8030303 0.0037882561
2.8828283 0.0036895785
2.9626263 0.0036031174
3.0424242 0.0035273927
3.1222222 0.0034610959
3.2020202 0.003403072
3.2818182 0.0033523033
3.3616162 0.0033078935
3.4414141 0.0032690546
3.5212121 0.0032350942
3.6010101 0.0032054046
3.6808081 0.0031794523
3.7606061 0.0031567698
3.840404 0.0031369472
3.920202 0.0031196257
4 0.0031044911

